0101010101010101010101010101010101010101010101010101010101010101
0000000000000000000000000000000001010101010101010101010101010101
0000000000000000001111101010110000001101101010101000100010100001
1111111100000000000000000000000000000000000000000000000000000000
0000000000000000000101010101101010101010101010111000000000000000
1010101111111111111111110000000000001000001000000000111111111111
0000000111110000000000000011111111000000000000000010101010111111
1010000000000000000000000000000000000000000000000000000000000000
0000000000000000000000000000000000000000000000000000000000000000
0101010101010101010101010101010110101010101010101010101010101010
0000100001010101010000010101001111110010010000000111011101011110
0000000011111110001010000001010100000000000000010000000000000000
1010101010101011011010101010010101010101010101000111111110000001
0101010000000000000000001111111111110111110010111111000000000000
1111111000001100000000001100000000111110000011111101010101000000
0101110000010101010100000000000000100000000001011110000100000100