0000000000000000000000000000000000000000000000000000000000010010
0000000000000000000000000000000000000000000000000000000000000000
0000000000000000000000000000000000000000000000000001100100110000
1111111111111111111111111111111111111111111111111111010111010100
0000000000000000000000000000000000100001000111010001101011100111
1111111111111111111111111111111111111001011000001001010000110011
1111111111111111111111111111111111111111111111111111111111010100
0000000000000000000000000000000000000000000000000000000000010110
0000000000000000000000000000000000000000000000000000000000000000
0000000000000000000000000000000000000000000000000000000000000000
0000000000000000000000000000000000000000000000000000000000000001
0110000000000000000000000000000000000000000000000000000000000000
0110000000000000000000000000000000000000000000000000000000000000
0000000000000000000000000000000000000000000000000000000000000000
0000000000000000000000000000000000000000000000000000000000000000
1111111111111111111111111111111111111111111111111111111111111111
